100
100 1
100
10 3
20 3 15
400567 5
116434 120539 323 85794 256149
795022 1
612919
6 5
125 283 70 544 193
902637 5
493315 206161 534760 996628 4147
946005 5
298729 80172 822107 739906 900714
861537 3
323060 860443 410908
1 5
1000000 1000000 1000000 1000000 1000000
920705 5
807750 666471 662968 263568 90385
527627 5
116440 39981 233884 185232 93605
737717 2
930386 17387
919192 3
115728 234655 677364
1000000 5
432141 233733 555579 987831 352441
1 5
758628 709481 577138 531032 485718
218317 2
699424 56162
979132 2
258400 954794
287376 5
997075 947574 758038 739600 509297
2 5
1 1 1 1 1
592998 5
53358 97982 174628 327737 166018
6 5
2 2 2 1 1
119102 3
312411 893179 858701
3 4
2 2 2 4
11 5
5 5 5 5 10
1000000 5
1 1 1 1 1
74926 4
7863 841535 812085 751339
123579 1
420672
2 5
10 9 10 3 5
1000000 1
1000000
8 5
1 1 1 1 1
945239 1
692510
777777 5
918465 356921 383114 119997 802763
337097 5
329364 752211 253939 527214 281937
192254 5
99231 33020 588464 542397 188468
434646 2
88986 201532
20031 4
280728 395086 77050 723351
973962 5
970165 939467 907563 769174 225911
2 5
770 117 721 428 401
758173 1
760982
5 5
12 4 14 9 13
1000000 5
436303 273890 112353 998881 437392
361536 4
35383 321908 698633 364746
796981 4
602369 92486 191368 666896
209903 5
276956 133602 26912 114347 357633
1 5
1 1 1 1 1
2 4
2 2 2 6
166834 3
422093 832062 139523
11 5
10 5 5 5 5
773613 2
769976 128324
1000000 5
460256 456237 724669 581886 253008
211153 1
948866
972297 4
248381 357857 7679 86640
95965 5
465675 438687 336669 253095 78468
10 5
87 54 97 15 125
861084 1
769644
1 5
3 3 3 3 3
148545 5
149 270674 815896 96113 709360
1000000 5
1000000 1000000 1000000 1000000 1000000
3 4
2 2 2 3
516953 5
823159 996530 352700 834964 197276
402476 4
133090 840343 632311 491450
10 5
71 30 6 71 46
3 3
1 1 100
68036 5
41846 336022 630838 737159 814535
2 5
3 5 5 5 4
819259 5
59446 122503 197880 636361 862512
904980 1
25036
952571 5
408311 872407 806420 387442 130806
101075 4
721401 657849 98207 142733
979085 1
916843
13375 3
83559 935567 460112
412448 5
850671 305330 510655 993403 504565
670609 3
198342 816523 873300
925006 5
699426 878036 64528 387484 780929
347439 5
992560 848594 835748 684394 11806
1000000 1
999999
888776 4
677110 525411 813439 65868
57020 3
442623 327831 960398
737901 5
226812 36716 257598 310222 177388
33511 5
727821 768055 805048 9716 324455
256169 1
363045
505281 2
383683 961614
553799 2
606588 517938
10 5
5 5 5 5 10
494964 5
933855 628086 558926 879859 443167
537273 5
319749 330546 382621 615079 697770
1000000 5
345259 683558 943452 763512 558027
386542 3
606 974053 738102
957392 1
527142
410715 5
78139 46028 663809 471549 381417
887121 1
649092
1 5
4 3 4 1 2
951058 4
365932 592868 456338 749614
227125 5
938471 632124 503314 164879 61102
107680 5
117846 243254 442517 484157 667352
1000000 5
910715 115466 665694 402811 967058
821139 4
903379 407912 467192 136170
477960 4
261834 511646 371138 636886
771588 4
16210 876103 924826 820543
424321 5
60548 114361 628644 936039 955353
