100
100 1
100
10 3
20 3 15
1000000 1
1000000
5 5
3 3 2 3 2
1000000 5
1 1 1 1 1
422315 2
366144 734748
2 5
4 9 9 9 3
2 4
2 2 2 6
1 5
1 1 1 1 1
590762 4
875616 8313 316846 841868
72289 5
212656 77254 940140 659512 884822
6 5
91 33 126 76 138
163571 2
446315 51588
3 4
2 2 2 3
686758 3
751920 968435 130192
852099 1
134590
890333 2
30547 73577
180802 5
725331 757359 669300 836554 628764
966252 3
651832 777672 822598
2 5
1 1 1 1 1
885320 4
658785 648384 71258 477654
3 4
2 2 2 4
921181 1
176114
732153 5
14951 76161 283960 415252 922354
409346 4
705095 458934 811017 880231
217148 5
63001 145030 340283 161313 398419
129325 5
158606 163373 618052 64068 642590
3 3
1 1 100
448936 3
927083 965213 316609
4107 5
427281 630594 38184 994740 860172
2 5
3 3 2 4 1
39141 3
640390 488499 111223
11 5
5 5 5 5 10
537037 5
30439 136172 490787 585217 844206
9 5
3 4 4 5 3
560427 3
188603 213146 285757
592689 2
29531 367210
1 5
1000000 1000000 1000000 1000000 1000000
10 5
57 197 127 204 150
11 5
10 5 5 5 5
1000000 5
884764 4624 38309 205324 981961
283230 3
46110 208537 669005
695337 1
190291
1000000 5
751749 240665 972317 169661 691198
920400 4
504556 15138 67703 729663
920254 3
87909 602000 882395
344334 1
985446
1 5
597947 231157 344008 131293 92598
94518 2
664465 391352
299948 2
782291 219683
398635 3
54265 834198 223214
143656 1
323111
1 5
1 1 2 3 2
899022 5
281208 361269 467238 587531 661040
942665 5
930505 922997 867852 291217 120067
540305 3
904790 604646 351322
176805 5
590994 498876 735720 286330 205518
1000000 5
379489 779578 864169 363393 293450
284190 5
658919 352093 157669 133486 64390
9 5
372 302 270 245 150
985733 5
19778 234078 251108 229579 235133
336054 5
422691 43040 396370 147290 943628
1000000 5
1000000 1000000 1000000 1000000 1000000
882274 2
357885 71634
908631 1
505941
193527 5
66555 887711 493474 848846 623745
57577 2
384045 324021
1000000 5
586912 306875 5763 204245 269410
487492 1
567349
323911 5
776403 488728 479217 389110 72014
928857 4
962141 380326 621322 178829
127561 5
213754 398447 197410 21303 46951
3 5
129 212 223 110 78
1000000 5
394455 136081 648969 995667 393026
555731 5
231017 998993 456127 555037 441366
844593 5
691007 727858 216529 542060 256159
99522 5
724600 488394 384237 340983 60317
3 5
3 4 4 4 5
739673 5
577575 176425 600358 563020 310646
55012 5
251715 575510 55004 220372 59107
46673 2
130960 683344
260229 5
861211 38994 264335 288491 669587
318808 1
943519
225107 5
998196 855585 851054 829455 106953
995436 2
21791 467215
6 5
51 34 96 121 103
124450 4
924586 585611 924092 725127
360633 5
161887 481941 787569 338691 72935
869423 3
984622 830605 971386
172316 5
371779 344556 77455 157540 359929
519478 5
284716 228078 16384 277741 115815
801056 5
89454 307225 378520 710928 799642
327865 4
723012 290265 909680 637998
10 5
5 5 5 5 10
633719 1
686191
887738 5
147304 242659 378783 503621 672390
1000000 1
999999
228314 1
749947
982331 2
329975 394450
398797 3
638662 607428 588292
